0 24174 55.40001 0
0 27123 55.77000 0
0 27846 55.88000 0
0 29847 55.03000 0
0 30816 37.17000 5
0 37899 37.06000 5
0 41226 36.94000 5
1 21879 55.76000 0
1 24174 55.79000 0
1 27846 56.31000 0
1 24510 37.33000 5
1 30816 36.78000 5
1 31383 37.17000 5
1 37677 36.98000 5
1 41226 38.95000 5
1 41232 37.43000 5
2 21879 56.52000 0
2 22665 56.24000 0
2 33213 56.20000 0
2 36120 55.60001 0
2 24510 38.21000 5
2 41226 38.26000 5
3 24174 56.81000 0
3 24894 57.14000 0
3 27846 56.19000 0
3 36120 56.74000 0
3 23535 37.66000 5
3 35655 38.89000 5
3 37899 39.69000 5
3 41226 38.40000 5
4 24873 56.66000 0
4 24894 56.47000 0
4 27135 56.54000 0
4 30816 38.06000 5
4 31383 39.18000 5
4 35655 38.96000 5
4 37899 39.08000 5
5 24873 57.49000 0
5 27135 55.72000 0
5 33258 56.80000 0
5 30816 39.25000 5
5 33303 38.09000 5
5 35040 38.46000 5
5 40494 38.62000 5
6 20715 57.87000 0
6 22299 58.27000 0
6 24873 56.95000 0
6 30360 57.02000 0
6 21522 38.51000 5
6 23454 40.07000 5
6 35040 38.91000 5
6 35655 38.48000 5
6 40494 40.03000 5
7 24873 56.81000 0
7 30360 56.99001 0
7 21522 39.73000 5
7 31383 39.05000 5
7 35655 38.47000 5
8 24873 55.06000 0
8 40578 56.15000 0
8 21522 37.94000 5
8 28638 37.08000 5
8 31383 38.64000 5
8 39582 36.95000 5
8 40062 37.62000 5
9 28287 57.10000 0
9 28308 55.91000 0
9 40116 56.23000 0
9 41043 56.59000 0
9 21522 38.71000 5
9 22374 38.91000 5
9 28638 37.87000 5
9 35979 37.80000 5
10 27447 55.83000 0
10 36480 55.58000 0
10 37092 57.41000 0
10 21522 38.36000 5
10 34296 37.50000 5
10 35655 37.98000 5
10 35979 38.84000 5
11 21846 56.18000 0
11 23430 57.23000 0
11 27447 56.23000 0
11 28638 39.73000 5
11 31383 38.45000 5
11 34296 38.08000 5
11 35655 37.61000 5
11 35979 38.35000 5
11 40494 37.45000 5
12 21078 55.38000 0
12 28638 38.09000 5
12 31383 37.59000 5
12 34296 38.10000 5
13 27285 56.27000 0
13 27447 55.97000 0
13 22563 38.32000 5
13 28638 38.69000 5
13 31383 37.42000 5
13 34056 37.07000 5
13 35979 37.53000 5
14 20976 57.31001 0
14 29394 56.94000 0
14 22563 38.34000 5
14 23454 38.90000 5
14 34056 38.16000 5
14 34296 37.29000 5
14 35382 39.62000 5
15 21846 56.28000 0
15 37239 56.67000 0
15 37356 56.64000 0
15 34056 38.32000 5
15 35655 39.17000 5
15 35979 37.77000 5
15 40494 37.92000 5
16 30204 55.26001 0
16 35655 38.79000 5
16 39450 38.00000 5
16 40494 37.71000 5
17 30204 55.46001 0
17 34056 38.95000 5
17 35655 37.98000 5
17 35679 37.90000 5
17 40494 38.30000 5
18 23814 56.88000 0
18 30204 55.00000 0
18 30846 56.58001 0
18 21462 38.49000 5
18 35382 37.22000 5
18 35679 37.63000 5
19 27504 56.20000 0
19 28308 57.22000 0
19 30846 54.82000 0
19 21462 38.75000 5
19 29871 37.18000 5
19 35679 38.22000 5
19 39450 38.36000 5
19 40062 38.05000 5
20 27801 55.66000 0
20 30846 56.06001 0
20 34140 56.31000 0
20 21462 38.32000 5
20 33633 39.09000 5
20 35382 38.95000 5
20 39450 37.74000 5
21 30786 56.59000 0
21 31905 56.13000 0
21 38043 55.73000 0
21 29871 37.82000 5
21 40062 38.37000 5
21 40494 37.35000 5
22 20499 57.31001 0
22 28263 57.32000 0
22 29871 39.21000 5
22 39135 39.44000 5
22 39501 37.99000 5
22 40062 39.63000 5
23 28263 57.49000 0
23 32028 57.30000 0
23 39135 39.35000 5
23 39501 40.80000 5
24 23781 56.39000 0
24 39093 56.85001 0
24 34056 38.22000 5
24 39135 39.40000 5
24 39501 38.45000 5
24 40494 38.81000 5
25 20352 56.05000 0
25 29871 38.15000 5
25 35382 37.66000 5
26 28905 57.92000 0
26 31206 57.62000 0
26 40416 57.53000 0
26 21552 38.99000 5
26 30930 39.71000 5
26 32982 39.11000 5
26 39135 40.34000 5
27 28905 56.52000 0
27 37149 57.53000 0
27 37818 56.29000 0
27 41445 57.19000 0
27 21555 38.73000 5
27 30930 38.79000 5
27 32982 38.26000 5
27 35382 37.40000 5
27 39135 37.49000 5
28 26475 56.24000 0
28 28905 57.09000 0
28 37149 56.63000 0
28 21555 37.49000 5
28 32982 37.97000 5
28 35382 38.64000 5
28 37707 37.59000 5
28 39582 37.52000 5
29 30570 56.27000 0
29 32982 37.78000 5
29 35382 38.05000 5
29 35679 36.80000 5
29 39135 36.38000 5
30 20976 56.15000 0
30 32136 56.97001 0
30 22332 39.30000 5
30 23454 38.00000 5
30 35019 38.04000 5
30 35655 39.58000 5
30 35679 39.14000 5
30 37707 37.68000 5
31 20976 56.89000 0
31 23781 57.82000 0
31 22332 38.41000 5
31 33072 37.95000 5
31 37899 38.22000 5
31 40494 39.25000 5
32 35661 56.73000 0
32 30963 39.36000 5
32 33072 38.35000 5
32 37899 38.38000 5
33 21396 57.17001 0
33 22332 39.30000 5
33 30963 39.40000 5
33 37899 39.11000 5
33 39441 39.14000 5
34 24939 55.86000 0
34 31560 57.11000 0
34 36021 57.60000 0
34 36321 57.63000 0
34 22332 39.01000 5
34 34422 37.96000 5
34 34734 38.28000 5
34 35019 38.12000 5
34 39441 39.49000 5
34 40494 39.47000 5
35 31371 55.99001 0
35 36321 56.90000 0
35 21738 38.83000 5
35 23148 38.21000 5
35 33072 39.33000 5
36 26118 57.25000 0
36 31371 56.85001 0
36 23148 38.64000 5
36 31404 38.48000 5
36 33072 37.84000 5
36 34734 38.33000 5
36 39441 38.48000 5
37 26118 57.37000 0
37 26631 56.82000 0
37 36021 56.47000 0
37 21738 38.07000 5
37 31404 38.23000 5
37 33072 39.24000 5
37 36504 38.90000 5
37 38769 38.61000 5
38 36321 56.49000 0
38 39228 57.71000 0
38 31065 37.89000 5
38 31137 38.69000 5
38 33072 39.53000 5
38 36504 38.74000 5
38 38769 37.88000 5
39 31608 56.31000 0
39 36321 56.07000 0
39 31065 37.03000 5
39 33858 37.00000 5
39 35202 39.06000 5
39 35895 36.81000 5
39 37707 37.79000 5
39 39441 37.77000 5
40 28878 58.16000 0
40 31608 57.68000 0
40 36792 57.66000 0
40 27216 38.55000 5
40 31065 38.86000 5
40 35202 39.75000 5
40 39441 38.81000 5
41 33522 57.21000 0
41 36792 55.40001 0
41 40167 56.11000 0
41 31137 37.17000 5
41 33072 37.54000 5
41 35202 38.79000 5
41 39441 38.11000 5
42 33522 56.78001 0
42 23148 38.53000 5
42 27216 38.55000 5
42 29268 37.87000 5
42 31362 37.87000 5
42 33072 38.52000 5
42 35895 39.33000 5
42 37707 39.15000 5
43 26688 57.62000 0
43 27594 57.24001 0
43 36792 57.75000 0
43 23148 39.25000 5
43 31065 38.35000 5
43 31362 39.34000 5
44 25128 55.95000 0
44 25197 57.92000 0
44 33072 38.93000 5
44 37707 39.22000 5
44 39969 39.42000 5
45 36321 56.95000 0
45 22578 38.11000 5
45 23148 37.64000 5
45 30483 38.35000 5
45 31146 38.06000 5
46 25209 57.96001 0
46 31953 57.66000 0
46 27216 39.48000 5
46 31146 38.91000 5
46 39969 39.86000 5
47 20760 57.27000 0
47 31953 57.07000 0
47 32955 55.97000 0
47 22578 37.76000 5
47 22893 38.89000 5
47 27216 38.54000 5
47 30483 38.31000 5
47 39969 38.29000 5
48 40158 56.85001 0
48 30483 39.32000 5
48 33177 39.18000 5
48 34254 39.29000 5
48 39969 38.91000 5
49 29052 58.35001 0
49 38199 58.45000 0
49 40851 59.05000 0
49 27216 40.94000 5
49 30483 40.13000 5
49 37926 40.69000 5
50 29052 57.32000 0
50 31341 57.60000 0
50 40851 57.78000 0
50 22893 38.83000 5
50 30483 37.99000 5
50 37926 39.38000 5
50 39441 39.52000 5
50 39969 39.00000 5
51 28185 57.74000 0
51 31341 57.76001 0
51 32235 57.35000 0
51 31065 39.45000 5
51 35895 39.91000 5
51 37926 39.51000 5
51 39441 39.76000 5
52 36090 58.36000 0
52 23022 38.95000 5
52 31065 39.92000 5
52 35895 40.03000 5
52 36984 39.50000 5
52 41241 39.31000 5
53 26802 58.07000 0
53 36321 58.92000 0
53 31362 41.59000 5
53 41241 40.17000 5
54 26802 58.79000 0
54 34545 58.82000 0
54 41535 58.68000 0
54 30930 39.58000 5
54 31065 40.86000 5
54 31362 40.17000 5
54 41241 39.81000 5
55 31065 39.97000 5
55 31362 39.09000 5
55 32382 41.25000 5
55 33177 39.07000 5
56 25197 59.14001 0
56 35457 59.36000 0
56 35565 58.48000 0
56 20301 40.67001 5
56 30930 39.26000 5
56 35382 40.03000 5
56 37257 39.82000 5
57 26802 56.43000 0
57 28674 57.83001 0
57 20301 38.78000 5
57 37257 39.39000 5
58 35565 58.45000 0
58 41535 57.08000 0
58 20301 39.92000 5
58 23358 39.47000 5
58 31137 38.72000 5
58 35382 38.90000 5
59 27342 57.28000 0
59 28674 57.65000 0
59 23358 38.44000 5
59 31137 39.71000 5
59 33177 38.80000 5
59 39441 39.09000 5
60 23007 55.57000 0
60 23658 57.08000 0
60 27342 57.21000 0
60 38622 57.48000 0
60 31137 38.87000 5
60 35964 37.90000 5
60 39441 38.18000 5
61 36489 55.80000 0
61 38622 55.77000 0
61 31137 37.66000 5
61 32382 39.64000 5
61 35382 38.38000 5
61 35964 37.98000 5
61 39441 38.50000 5
62 20631 57.86000 0
62 25650 57.44000 0
62 30237 58.09000 0
62 36489 57.23000 0
62 31137 38.78000 5
62 32982 40.49000 5
62 33858 38.83000 5
62 35964 39.57000 5
62 39441 39.13000 5
63 20631 56.33000 0
63 25650 57.28000 0
63 30237 56.32000 0
63 41712 56.92001 0
63 33858 37.93000 5
63 35964 37.63000 5
63 39441 38.96000 5
63 41241 37.66000 5
64 22341 57.44000 0
64 34683 58.22001 0
64 40938 56.56000 0
64 31686 39.27000 5
64 33177 38.54000 5
64 39441 40.85000 5
65 23658 56.24000 0
65 28674 56.66000 0
65 23358 38.20000 5
65 27813 39.07000 5
65 31686 39.51000 5
65 33177 38.06000 5
65 37614 39.45000 5
65 39441 39.70000 5
66 26850 56.82000 0
66 27621 56.51001 0
66 40938 55.97000 0
66 23358 37.58000 5
66 27813 38.55000 5
66 34938 39.03000 5
66 37614 37.66000 5
66 39441 38.49000 5
67 27621 57.36000 0
67 33126 57.21000 0
67 38253 57.64000 0
67 40938 56.63000 0
67 23358 39.84000 5
67 31686 39.36000 5
67 34938 38.69000 5
68 34530 57.70000 0
68 35508 56.93000 0
68 40938 56.33000 0
68 23358 38.09000 5
68 30930 38.53000 5
68 31686 38.98000 5
68 36600 38.82000 5
69 27342 56.29000 0
69 38229 56.41000 0
69 38346 57.86000 0
69 27813 39.59000 5
69 33177 38.38000 5
69 38160 38.35000 5
70 27177 57.73000 0
70 28962 58.56001 0
70 30717 57.43000 0
70 20991 39.06000 5
70 27813 38.47000 5
70 33177 38.95000 5
71 24438 57.09000 0
71 37611 57.41000 0
71 28284 38.79000 5
71 34254 39.07000 5
71 38160 38.51000 5
72 24438 55.84000 0
72 27177 57.58000 0
72 32670 56.94000 0
72 38481 56.76000 0
72 28284 37.90000 5
72 31686 38.23000 5
72 32106 38.53000 5
73 24438 56.35000 0
73 31863 56.97001 0
73 33423 56.44000 0
73 31686 39.30000 5
73 32106 38.25000 5
73 34254 38.77000 5
73 38160 38.94000 5
74 27177 57.83001 0
74 35763 55.99001 0
74 31074 38.93000 5
74 31686 39.40000 5
74 32106 39.29000 5
74 34254 38.17000 5
75 31272 58.02000 0
75 35763 57.21000 0
75 38388 58.39000 0
75 35964 39.60000 5
75 39441 40.68000 5
76 21627 55.98000 0
76 26451 56.99001 0
76 33423 56.36000 0
76 20991 39.60000 5
76 31686 38.61000 5
76 32382 37.97000 5
76 34254 38.02000 5
77 21627 56.95000 0
77 22506 56.49000 0
77 26451 57.18000 0
78 26385 57.32000 0
78 27576 57.49000 0
78 33273 56.93000 0
78 34254 40.07000 5
79 33273 56.83000 0
79 34869 58.16000 0
79 25827 37.67000 5
79 27144 38.81000 5
79 31074 39.71000 5
79 33648 38.58000 5
79 34254 38.31000 5
79 40041 38.93000 5
80 33177 39.72000 5
80 34254 39.62000 5
80 36765 39.80000 5
81 24435 57.02000 0
81 29793 57.85000 0
81 30879 57.73000 0
81 33177 39.35000 5
81 35973 39.09000 5
81 38799 39.87000 5
82 23814 58.43000 0
82 31854 58.77000 0
82 36927 58.28000 0
82 30870 39.81000 5
82 33441 40.22000 5
82 33648 39.31000 5
82 38799 39.38000 5
83 26763 58.68000 0
83 28866 57.26000 0
83 30870 38.76000 5
83 38799 40.74001 5
84 25740 57.75000 0
84 26736 57.31001 0
84 28866 57.80000 0
84 27294 39.07000 5
84 30870 38.36000 5
84 32106 37.92000 5
84 33858 38.93000 5
85 36081 57.03000 0
85 36603 56.66000 0
85 30348 39.08000 5
85 33648 38.14000 5
85 35973 37.79000 5
86 32811 57.63000 0
86 27294 37.88000 5
86 31686 38.97000 5
86 33648 39.44000 5
86 38799 38.84000 5
87 21339 56.71001 0
87 24657 55.48000 0
87 32502 56.92001 0
87 21954 38.60000 5
87 23922 38.79000 5
87 31686 37.24000 5
87 35985 37.27000 5
88 21339 55.83000 0
88 22188 56.56000 0
88 24453 57.62000 0
88 30150 38.12000 5
88 33858 39.25000 5
88 40014 37.33000 5
89 22188 57.43000 0
89 24657 57.34000 0
89 36618 57.66000 0
89 28878 39.63000 5
89 29922 38.56000 5
89 33966 39.46000 5
89 40014 38.24000 5
90 29484 57.44000 0
90 37323 57.51000 0
90 31686 38.97000 5
90 36315 40.00000 5
90 40014 38.50000 5
91 41934 57.12000 0
91 26664 39.26000 5
91 31686 38.33000 5
91 31692 38.49000 5
91 36315 39.87000 5
92 22188 56.71001 0
92 29793 56.13000 0
92 31692 39.33000 5
92 33966 37.92000 5
92 35985 37.80000 5
92 41778 37.51000 5
93 30087 58.11000 0
93 33123 57.87000 0
93 31692 39.35000 5
93 33966 39.34000 5
94 22401 57.80000 0
94 32796 57.96001 0
94 38739 57.18000 0
94 23502 38.05000 5
94 25827 38.71000 5
94 36315 39.28000 5
95 32796 57.48000 0
95 34758 57.68000 0
95 28878 38.54000 5
95 31686 38.02000 5
96 31416 57.76001 0
96 34758 58.09000 0
96 23502 38.95000 5
96 31686 39.08000 5
96 31692 39.21000 5
97 32796 56.42000 0
97 36048 58.18000 0
97 31686 39.36000 5
97 33966 38.53000 5
97 37212 39.38000 5
98 26847 57.47000 0
98 36756 56.44000 0
98 28284 39.10000 5
98 33966 40.24000 5
99 28014 57.63000 0
99 36756 56.08000 0
99 38706 57.80000 0
99 25491 39.22000 5
99 33966 39.28000 5
100 26328 56.82000 0
100 38706 55.92001 0
100 40593 56.29000 0
100 25491 38.52000 5
100 33621 38.95000 5
100 35799 37.65000 5
100 40323 37.49000 5
101 26328 55.83000 0
101 29940 56.62000 0
101 30864 56.29000 0
101 38637 56.17000 0
101 20532 37.72000 5
101 27228 37.88000 5
101 28878 39.49000 5
102 22998 56.31000 0
102 26328 56.70000 0
102 30864 55.26001 0
102 38637 57.18000 0
102 25491 38.29000 5
102 27570 37.84000 5
102 28878 39.16000 5
102 33966 38.07000 5
103 20502 56.55000 0
103 26328 55.49000 0
103 38637 55.19000 0
103 23628 37.06000 5
103 27570 36.89000 5
103 28878 39.10000 5
103 39834 36.49000 5
103 40323 36.85000 5
104 30114 56.86000 0
104 35430 56.64000 0
104 36405 57.57000 0
104 37236 55.87000 0
104 25491 38.75000 5
104 29208 37.98000 5
104 30066 38.98000 5
105 26976 56.20000 0
105 33948 57.72000 0
105 25491 38.24000 5
105 30066 39.26000 5
105 33297 38.95000 5
105 33441 37.60000 5
105 39144 37.45000 5
105 39834 38.13000 5
106 25119 57.78000 0
106 25257 55.93000 0
106 37236 57.02000 0
106 23628 38.41000 5
106 30066 37.80000 5
106 33441 39.41000 5
107 27501 56.86000 0
107 33384 55.94000 0
107 40251 57.04000 0
107 28263 37.98000 5
107 30066 37.96000 5
107 35799 38.75000 5
108 25119 57.71000 0
108 33384 57.58000 0
108 35430 57.34000 0
108 38823 56.80000 0
108 30066 39.66000 5
108 32361 39.49000 5
108 33441 38.44000 5
108 36765 38.76000 5
109 21852 56.45000 0
109 28818 56.11000 0
109 38823 56.51001 0
109 20283 37.79000 5
109 31902 37.59000 5
109 32361 38.91000 5
109 35799 38.54000 5
110 28764 55.48000 0
110 30024 56.96000 0
110 35430 55.90000 0
110 38706 57.16000 0
110 20283 37.16000 5
110 31902 37.77000 5
110 32382 37.91000 5
110 33297 37.13000 5
111 20478 55.43000 0
111 30114 56.62000 0
111 35430 56.59000 0
111 32382 39.04000 5
111 32847 38.11000 5
111 33297 37.00000 5
112 25131 55.65000 0
112 29571 55.92001 0
112 30114 56.08000 0
112 27570 37.56000 5
112 30372 37.96000 5
112 36765 37.78000 5
113 28392 55.05000 0
113 35430 54.53000 0
113 38298 54.35001 0
113 38823 55.55000 0
113 24870 37.80000 5
113 32382 36.57000 5
113 33297 37.24000 5
113 34263 35.80000 5
114 28392 54.90000 0
114 37158 55.56000 0
114 22929 37.56000 5
114 23628 37.43000 5
114 30372 37.08000 5
115 28392 56.50000 0
115 35430 55.10000 0
115 40776 56.08000 0
115 23628 38.48000 5
115 36765 38.18000 5
116 37713 55.79000 0
116 40776 55.91000 0
116 40947 55.92001 0
116 22929 38.09000 5
116 35043 38.66000 5
116 36765 38.53000 5
116 39834 37.66000 5
117 38298 55.22000 0
117 27570 37.51000 5
117 30372 38.05000 5
117 36765 37.37000 5
118 21687 55.13000 0
118 21852 55.52000 0
118 22929 37.77000 5
118 27894 37.27000 5
118 30372 36.58000 5
119 20922 55.49000 0
119 31554 53.78000 0
119 35646 55.04000 0
119 27894 37.59000 5
119 31686 35.81000 5
119 33030 35.59000 5
119 38145 36.39000 5
120 26328 54.94000 0
120 35595 55.34000 0
120 27570 38.25000 5
120 27894 36.68000 5
120 33030 36.08000 5
120 35043 37.32000 5
120 38145 36.33000 5
121 32862 55.33001 0
121 35595 54.85000 0
121 27570 37.21000 5
121 27894 37.51000 5
121 33030 36.38000 5
121 33297 35.85000 5
121 38145 35.89000 5
122 23445 55.36000 0
122 26295 55.78000 0
122 29883 54.83000 0
122 27894 37.36000 5
122 37872 37.17000 5
123 23445 54.40000 0
123 27450 54.94000 0
123 24711 36.73000 5
123 30912 36.20000 5
123 36765 35.79000 5
123 38145 36.26000 5
124 23445 55.22000 0
124 39057 54.85000 0
124 21912 36.36000 5
124 30912 37.01000 5
124 36765 37.69000 5
124 38145 37.23000 5
125 22515 54.94000 0
125 23445 53.29000 0
125 26328 54.05000 0
125 21912 36.78000 5
125 27894 35.36000 5
125 28623 35.15000 5
125 30912 36.07000 5
125 39030 35.96000 5
126 32430 55.22000 0
126 36198 54.50000 0
126 27894 37.84000 5
126 36765 37.35000 5
126 39030 36.86000 5
127 30345 54.97000 0
127 34995 54.78000 0
127 37197 55.61000 0
127 31977 36.71000 5
127 35799 36.88000 5
127 36765 36.62000 5
127 38145 37.06000 5
128 25131 55.56000 0
128 27648 55.30000 0
128 34995 54.36000 0
128 41805 55.62000 0
128 27894 36.45000 5
128 35799 36.42000 5
128 36765 35.98000 5
129 24885 55.86000 0
129 26103 55.09000 0
129 21378 35.90000 5
129 25281 37.06000 5
129 28014 36.85000 5
129 33441 36.79000 5
129 39030 35.73000 5
130 24495 54.89000 0
130 30597 54.68000 0
130 30912 36.50000 5
130 33441 37.36000 5
130 38145 36.41000 5
131 25131 54.56001 0
131 36087 55.08000 0
131 37197 54.63000 0
131 38790 55.11000 0
131 24870 35.10000 5
131 30912 36.41000 5
131 33441 36.43000 5
131 38145 36.71000 5
132 25131 55.02000 0
132 35670 55.83000 0
132 36087 54.99000 0
132 38790 55.87000 0
132 33441 37.65000 5
132 36525 37.68000 5
132 39834 36.35000 5
132 41721 37.09000 5
133 23031 55.14000 0
133 22314 35.42000 5
133 23181 36.38000 5
133 33441 36.58000 5
133 36525 36.44000 5
133 39834 36.55000 5
134 34563 55.82000 0
134 40413 55.07000 0
134 23181 37.51000 5
134 28968 36.53000 5
134 41613 37.90000 5
134 41721 37.03000 5
135 23031 55.23000 0
135 22314 35.77000 5
135 22929 35.67000 5
135 23181 36.74000 5
135 28968 36.71000 5
136 34818 54.98000 0
136 21378 37.39000 5
136 23181 37.86000 5
137 23031 53.64000 0
137 34818 54.55000 0
137 21378 36.80000 5
137 23181 37.70000 5
137 37404 36.40000 5
138 23031 53.38000 0
138 33387 54.60000 0
138 21312 35.70000 5
138 21378 37.24000 5
138 28968 37.39000 5
138 30912 36.11000 5
139 35670 53.82000 0
139 39528 53.61000 0
139 23181 36.52000 5
139 28968 35.90000 5
139 32934 35.98000 5
139 36441 36.21000 5
139 41613 36.30000 5
140 38598 54.60000 0
140 39528 54.15001 0
140 39603 54.58000 0
140 20547 37.60000 5
140 20994 37.15000 5
140 23181 35.96000 5
140 28968 36.90000 5
141 20802 53.99000 0
141 39603 53.85000 0
141 20994 37.08000 5
141 23181 37.06000 5
141 28968 36.49000 5
141 29937 36.68000 5
142 34011 53.82000 0
142 39528 54.62000 0
142 39603 55.34000 0
142 20994 36.61000 5
142 30912 36.87000 5
142 40707 36.34000 5
143 34011 54.70000 0
143 39528 54.34000 0
143 39603 53.97000 0
143 20994 37.24000 5
143 31977 36.75000 5
143 32934 36.73000 5
143 40707 35.32000 5
144 26922 54.11000 0
144 39528 53.87000 0
144 41481 53.45000 0
144 31977 35.02000 5
144 32934 36.42000 5
144 35862 36.75000 5
144 41823 35.97000 5
145 33237 54.68000 0
145 39528 52.87000 0
145 22314 36.82000 5
145 35862 35.38000 5
146 21411 55.11000 0
146 21936 54.29000 0
146 25176 53.46000 0
146 26922 54.20000 0
146 20652 36.07000 5
146 22314 36.49000 5
146 34755 35.39000 5
146 35862 35.52000 5
146 41823 36.98000 5
147 23706 55.30000 0
147 25176 54.43000 0
147 28605 54.49001 0
147 20547 40.93000 4
147 22314 37.03000 5
147 35187 35.90000 5
147 35634 37.85000 5
148 26067 54.92000 0
148 28605 54.86000 0
148 36363 55.41000 0
148 20547 40.55000 4
148 20652 37.12000 5
148 21312 35.82000 5
148 35187 37.88000 5
148 35634 38.28000 5
148 41613 35.90000 5
149 23706 55.34000 0
149 25647 55.95000 0
149 36363 55.01000 0
149 40833 55.91000 0
149 20547 39.99000 5
149 21312 38.08000 5
149 23181 37.37000 5
149 31902 37.42000 5
149 41721 37.00000 5
150 30576 55.52000 0
150 36606 55.07000 0
150 20547 41.87000 4
150 20652 36.89000 5
150 31902 37.63000 5
150 35055 36.71000 5
150 35181 37.74000 5
150 37485 38.79000 5
150 41823 36.53000 5
151 20274 55.82000 0
151 30576 54.88000 0
151 36606 54.51000 0
151 20547 40.89000 4
151 31902 37.28000 5
151 33567 36.76000 5
151 35055 37.32000 5
151 35634 35.89000 5
151 37485 37.58000 5
152 20274 55.72000 0
152 30576 56.66000 0
152 38964 55.23000 0
152 20547 41.44000 4
152 21312 37.74000 5
152 29007 38.74000 5
152 33567 38.57000 5
152 37485 36.74000 5
153 20274 54.51000 0
153 22359 55.11000 0
153 30651 55.84000 0
153 20547 40.85000 4
153 21312 38.33000 5
153 31902 37.25000 5
153 32934 37.09000 5
153 33567 36.70000 5
153 37485 36.79000 5
154 20274 54.90000 0
154 21933 56.99001 0
154 39798 56.17000 0
154 20547 38.75000 5
154 22314 37.32000 5
154 31902 37.99000 5
154 32934 38.02000 5
154 34755 39.21000 5
155 20274 55.06000 0
155 25404 55.53001 0
155 41952 55.02000 0
155 34755 41.09000 4
155 20547 37.61000 5
155 31902 36.78000 5
155 32934 37.17000 5
155 33567 37.26000 5
155 37485 37.39000 5
156 25404 56.67000 0
156 26313 55.58000 0
156 41952 55.18000 0
156 34755 40.82000 4
156 21573 37.95000 5
156 24183 37.78000 5
156 31902 37.02000 5
156 33093 36.52000 5
156 33567 37.37000 5
156 41721 38.31000 5
157 27159 55.22000 0
157 39933 55.05000 0
157 34755 41.30000 4
157 23346 37.58000 5
157 30213 36.24000 5
157 30690 37.86000 5
157 31902 37.65000 5
158 26313 54.73000 0
158 34512 56.21000 0
158 34755 41.33000 4
158 20547 37.93000 5
158 23346 37.56000 5
158 25248 36.58000 5
158 39000 36.72000 5
158 40899 38.05000 5
159 24786 56.66000 0
159 25776 56.61000 0
159 32730 56.78001 0
159 36624 56.61000 0
159 39933 54.65000 0
159 24183 37.95000 5
159 25248 37.91000 5
159 29007 37.66000 5
159 38577 36.67000 5
159 40899 39.27000 5
160 22359 55.94000 0
160 24786 56.07000 0
160 29883 56.33000 0
160 39933 55.88000 0
160 25248 38.97000 5
160 29007 38.43000 5
161 22587 55.56000 0
161 25404 56.33000 0
161 29883 55.52000 0
161 20385 36.97000 5
161 20547 36.57000 5
161 23346 37.71000 5
161 29007 38.30000 5
161 32934 36.54000 5
161 33030 37.37000 5
161 38577 38.65000 5
161 41721 38.09000 5
162 22587 55.14000 0
162 35157 54.93000 0
162 29007 37.57000 5
162 30690 37.31000 5
162 32934 37.57000 5
162 40764 36.63000 5
163 24786 56.23000 0
163 35157 54.75000 0
163 37380 56.58001 0
163 39933 55.57000 0
163 23346 36.92000 5
163 32934 38.56000 5
163 41880 37.67000 5
164 22065 56.13000 0
164 25293 55.59000 0
164 35157 55.50000 0
164 36030 56.02000 0
164 22668 38.08000 5
164 23346 38.61000 5
165 24279 56.51001 0
165 35157 56.05000 0
165 41226 56.63000 0
165 20547 38.12000 5
165 22668 38.55000 5
165 37404 38.30000 5
166 25413 56.20000 0
166 29529 56.52000 0
166 34257 55.80000 0
166 41880 41.32000 4
166 20547 38.84000 5
166 22119 38.56000 5
166 22668 37.44000 5
166 25809 38.72000 5
166 30402 36.72000 5
166 37404 37.30000 5
166 38028 36.59000 5
167 22968 56.82000 0
167 25413 55.26001 0
167 20385 36.55000 5
167 25809 36.78000 5
167 29007 38.82000 5
167 30402 39.26000 5
167 41880 37.43000 5
168 21429 56.43000 0
168 22968 55.46001 0
168 26049 55.91000 0
168 26289 56.25000 0
168 35256 55.46001 0
168 20547 36.42000 5
168 25809 37.48000 5
168 30402 37.31000 5
168 36765 38.81000 5
169 24471 56.18000 0
169 28302 54.92000 0
169 35256 55.12000 0
169 20385 37.37000 5
169 20547 36.49000 5
169 25809 37.41000 5
169 36765 37.88000 5
169 39579 36.95000 5
169 41880 36.79000 5
170 32805 54.78000 0
170 35256 55.46001 0
170 36765 40.76000 4
170 20547 38.07000 5
170 25809 37.63000 5
170 35643 37.58000 5
170 37239 37.41000 5
170 41880 37.93000 5
171 28302 56.52000 0
171 35256 55.00000 0
171 36765 41.11000 4
171 23346 37.89000 5
171 25809 37.80000 5
171 30213 37.17000 5
171 33258 37.80000 5
171 39579 37.67000 5
171 41229 36.44000 5
172 24696 56.58001 0
172 27423 55.86000 0
172 28302 56.85001 0
172 36765 41.91000 4
172 30402 38.24000 5
172 39579 38.31000 5
172 41880 38.08000 5
173 32805 55.13000 0
173 38037 55.31000 0
173 36765 41.49000 4
173 30690 37.82000 5
173 33462 38.12000 5
173 34050 37.32000 5
174 20640 55.40001 0
174 38037 56.70000 0
174 36765 42.82000 4
174 21573 37.60000 5
174 25809 37.95000 5
174 30213 37.49000 5
174 35187 38.23000 5
174 35643 37.92000 5
174 40764 39.63000 5
175 30948 56.07000 0
175 36669 55.93000 0
175 40848 55.58000 0
175 36765 41.02000 4
175 21573 37.23000 5
175 35643 38.11000 5
175 40764 37.20000 5
175 41229 36.62000 5
176 26376 55.38000 0
176 30948 56.09000 0
176 20547 38.03000 5
176 30213 38.29000 5
176 30402 39.62000 5
176 36765 40.05000 5
177 26376 55.98000 0
177 20547 36.64000 5
177 21183 38.17000 5
177 21573 36.96000 5
177 36765 36.30000 5
177 36903 36.45000 5
177 41448 37.51000 5
178 22299 56.46000 0
178 23367 56.44000 0
178 24270 56.10000 0
178 38913 55.88000 0
178 21183 37.98000 5
178 25440 37.58000 5
178 35187 37.96000 5
178 36903 38.10000 5
179 23472 56.43000 0
179 30540 55.41000 0
179 40383 55.92001 0
179 21183 37.95000 5
179 21573 37.05000 5
179 25440 37.67000 5
179 37404 37.40000 5
180 31260 55.62000 0
180 36669 54.99000 0
180 25440 37.74000 5
180 35643 37.11000 5
180 37404 37.59000 5
181 32982 55.90000 0
181 36579 56.10000 0
181 22119 38.58000 5
181 25440 38.00000 5
181 30402 38.92000 5
181 30690 37.25000 5
181 35643 38.40000 5
181 37404 37.58000 5
182 23790 54.86000 0
182 34152 54.62000 0
182 20547 36.61000 5
182 28785 37.37000 5
182 35643 37.09000 5
183 34152 56.19000 0
183 36579 55.80000 0
183 40365 55.88000 0
183 20547 38.37000 5
183 30690 37.87000 5
184 21996 55.70000 0
184 35697 55.25000 0
184 40998 54.55000 0
184 21690 37.00000 5
184 30342 36.42000 5
184 33462 37.59000 5
185 36528 54.24000 0
185 36579 54.06000 0
185 30342 37.17000 5
185 35643 36.09000 5
186 31566 56.02000 0
186 33546 55.66000 0
186 36528 55.67001 0
186 21183 37.84000 5
186 30342 38.02000 5
187 22392 55.38000 0
187 25620 54.49001 0
187 29244 56.26000 0
187 30540 54.78000 0
187 21690 36.12000 5
187 24741 36.16000 5
187 31302 36.90000 5
187 31668 36.92000 5
188 22392 55.28000 0
188 32448 55.40001 0
188 24741 37.42000 5
188 30342 38.81000 5
188 38361 37.10000 5
188 41247 36.92000 5
189 21117 54.76000 0
189 32448 55.08000 0
189 33375 54.79000 0
189 29139 38.28000 5
189 29295 36.21000 5
189 38361 35.95000 5
190 23433 53.89000 0
190 24015 55.94000 0
190 39537 55.73000 0
190 29139 37.36000 5
191 23433 56.21000 0
191 30330 55.30000 0
191 32448 54.73000 0
191 26487 36.58000 5
191 31668 37.08000 5
191 41301 38.17000 5
192 22881 55.17000 0
192 23433 55.72000 0
192 30330 54.73000 0
192 32448 55.50000 0
192 24636 36.65000 5
192 31668 37.91000 5
192 35643 36.67000 5
192 40035 36.59000 5
192 41301 38.33000 5
193 22068 55.21000 0
193 29691 54.86000 0
193 32448 55.28000 0
193 29139 37.16000 5
193 31302 38.53000 5
193 40035 36.16000 5
193 41301 37.31000 5
194 22392 54.92000 0
194 30330 55.71000 0
194 33708 55.55000 0
194 36231 53.71000 0
194 20532 36.22000 5
194 23502 36.79000 5
194 26487 36.87000 5
194 31302 37.55000 5
194 31644 36.29000 5
194 40035 37.56000 5
195 21024 55.81001 0
195 36231 55.57000 0
195 20532 39.64000 5
195 26334 38.49000 5
195 29139 38.00000 5
196 21024 56.29000 0
196 22392 55.28000 0
196 23655 57.05000 0
196 36327 55.78000 0
196 20532 38.74000 5
196 26334 37.45000 5
196 33567 36.96000 5
196 38361 38.77000 5
196 41301 37.57000 5
197 28287 56.27000 0
197 29514 55.95000 0
197 30930 55.23000 0
197 36327 55.40001 0
197 38352 56.27000 0
197 20532 37.52000 5
197 22971 38.27000 5
197 35643 36.44000 5
198 30330 56.33000 0
198 41277 56.75000 0
198 22065 38.18000 5
198 24636 39.15000 5
198 26334 39.82000 5
198 34527 38.15000 5
198 40035 38.46000 5
199 23355 57.04000 0
199 25164 56.36000 0
199 31617 56.48000 0
199 41277 56.28000 0
199 22065 37.56000 5
199 24636 37.33000 5
199 26334 39.42000 5
199 34527 37.66000 5
199 40035 38.50000 5
200 30999 56.56000 0
200 31617 56.43000 0
200 32331 55.21000 0
200 22857 38.93000 5
200 29295 38.74000 5
200 29658 37.36000 5
200 34527 39.06000 5
200 40035 38.68000 5
201 24552 55.48000 0
201 28602 55.66000 0
201 29889 56.06001 0
201 31617 55.28000 0
201 41061 55.20000 0
201 22065 37.10000 5
201 29295 37.75000 5
201 31668 36.80000 5
201 34527 38.99000 5
201 36342 37.96000 5
201 40035 37.59000 5
202 29889 54.71000 0
202 35706 56.90000 0
202 41061 55.39000 0
202 24141 39.21000 5
202 36342 37.31000 5
203 29889 55.56000 0
203 26487 37.64000 5
204 24552 56.01000 0
204 32331 55.16000 0
204 22857 37.98000 5
204 24141 37.07000 5
204 26487 37.48000 5
204 31545 36.84000 5
205 23655 55.60001 0
205 24552 55.82000 0
205 28602 56.32000 0
205 32331 55.71000 0
205 22323 38.56000 5
205 24141 38.50000 5
206 26292 57.08000 0
206 36090 55.88000 0
206 41061 55.37000 0
206 22323 38.26000 5
206 22857 37.30000 5
206 26409 38.27000 5
207 24459 55.70000 0
207 36747 57.01000 0
207 20547 37.45000 5
207 22857 38.50000 5
207 24636 38.47000 5
207 37755 37.43000 5
208 24459 55.92001 0
208 25386 55.22000 0
208 24636 37.30000 5
208 29658 37.16000 5
208 37755 38.02000 5
209 25386 57.09000 0
209 32331 57.42000 0
209 21912 38.81000 5
209 29658 38.49000 5
209 36342 38.48000 5
209 40035 38.78000 5
210 23493 56.56000 0
210 25386 55.76000 0
210 25623 56.05000 0
210 35316 57.09000 0
210 20553 37.49000 5
210 21912 38.93000 5
210 22455 36.91000 5
210 26409 38.16000 5
211 22134 56.18000 0
211 30699 57.27000 0
211 34398 56.74000 0
211 42000 56.26000 0
211 20553 38.65000 5
211 31644 38.07000 5
211 36342 38.09000 5
211 37755 38.46000 5
211 40200 37.96000 5
212 22134 55.60001 0
212 30699 55.71000 0
212 41061 56.70000 0
212 22323 37.58000 5
212 22455 37.13000 5
212 29658 37.40000 5
212 31644 37.75000 5
212 37755 38.74000 5
213 21840 55.45000 0
213 32331 55.29000 0
213 20553 36.41000 5
213 22455 37.39000 5
213 34527 37.26000 5
213 35643 37.72000 5
213 37755 37.01000 5
214 21840 54.90000 0
214 23574 55.28000 0
214 27324 56.08000 0
214 22455 36.42000 5
214 24228 37.57000 5
214 35643 38.04000 5
214 41895 36.84000 5
215 22956 55.34000 0
215 35316 54.25000 0
215 24228 37.42000 5
215 27537 36.87000 5
215 29295 37.79000 5
215 34527 36.73000 5
215 40035 37.29000 5
216 22020 56.90000 0
216 33267 56.69000 0
216 35316 56.48000 0
216 24228 38.24000 5
216 29295 38.46000 5
216 34527 38.57000 5
216 39678 39.05000 5
217 33267 55.71000 0
217 35316 57.31001 0
217 25329 37.83000 5
217 27537 38.71000 5
217 33882 37.87000 5
217 35643 39.11000 5
217 39678 38.64000 5
218 22020 55.81001 0
218 33267 55.63000 0
218 27537 38.18000 5
218 29295 37.26000 5
218 34347 38.09000 5
218 35643 38.00000 5
218 38073 37.84000 5
218 40197 37.42000 5
219 32097 55.92001 0
219 32187 57.65000 0
219 22323 38.00000 5
219 27537 38.36000 5
219 29295 38.93000 5
219 33882 37.35000 5
219 35643 38.66000 5
219 36351 38.03000 5
220 37197 56.27000 0
220 40365 55.98000 0
220 25329 37.23000 5
220 29295 37.99000 5
220 39183 38.04000 5
221 23904 57.02000 0
221 32433 55.49000 0
221 41673 57.12000 0
221 28938 39.08000 5
221 29295 37.95000 5
221 40845 38.33000 5
222 31803 57.23000 0
222 32433 56.18000 0
222 40164 55.82000 0
222 28938 36.99000 5
222 29295 38.52000 5
222 36351 37.85000 5
222 40845 38.18000 5
222 41895 37.98000 5
223 25737 55.97000 0
223 31803 56.29000 0
223 32097 57.24001 0
223 25329 37.88000 5
223 29295 38.46000 5
223 33462 37.55000 5
223 41895 38.68000 5
224 31086 57.34000 0
224 32097 57.11000 0
224 36537 55.94000 0
224 40164 56.12000 0
224 35574 37.41000 5
224 36030 38.56000 5
224 39183 37.27000 5
224 41895 39.26000 5
225 21381 56.95000 0
225 25620 55.79000 0
225 40164 56.09000 0
225 33882 38.34000 5
225 35574 38.44000 5
225 36030 38.03000 5
226 21381 55.26001 0
226 39882 54.94000 0
226 24189 37.59000 5
226 33882 35.90000 5
226 35574 36.67000 5
227 38907 54.50000 0
227 24189 36.71000 5
227 33462 37.57000 5
227 35574 36.31000 5
227 39183 37.59000 5
227 40761 37.27000 5
228 23142 55.37000 0
228 29178 55.38000 0
228 38907 55.01000 0
228 41190 56.26000 0
228 33462 37.89000 5
228 39183 36.42000 5
228 40761 37.24000 5
228 41895 37.49000 5
229 29178 56.06001 0
229 35334 56.00000 0
229 38193 55.52000 0
229 24189 37.87000 5
229 33462 38.36000 5
229 40761 37.39000 5
229 41895 37.63000 5
230 35334 56.51001 0
230 38193 57.10000 0
230 40896 56.96000 0
230 33462 38.69000 5
230 33882 39.00000 5
230 40761 38.45000 5
231 23772 56.60000 0
231 31344 56.43000 0
231 32640 56.18000 0
231 31488 37.22000 5
231 33462 38.44000 5
231 34677 37.45000 5
231 39183 37.34000 5
232 20649 55.29000 0
232 32802 54.48000 0
232 34536 56.43000 0
232 31488 38.34000 5
232 34677 37.72000 5
232 39183 37.11000 5
232 40761 36.96000 5
232 41301 37.41000 5
233 32802 55.71000 0
233 34536 56.17000 0
233 34527 38.93000 5
233 34677 38.56000 5
233 40035 38.47000 5
233 41301 38.70000 5
234 20649 55.92001 0
234 30699 55.82000 0
234 32331 55.55000 0
234 34536 56.30000 0
234 22452 38.05000 5
234 33462 37.30000 5
234 39678 36.80000 5
234 40035 38.63000 5
234 41301 38.23000 5
235 20649 55.80000 0
235 30699 55.06000 0
235 32016 55.14000 0
235 32352 55.97000 0
235 22452 37.85000 5
235 33462 37.81000 5
235 34677 37.40000 5
235 41301 37.50000 5
236 24453 55.42000 0
236 33486 56.37000 0
236 31488 38.42000 5
236 33462 38.04000 5
236 33882 38.27000 5
236 41301 38.17000 5
237 26292 56.17000 0
237 32016 55.35000 0
237 33486 56.87000 0
237 31488 37.79000 5
237 33462 38.73000 5
237 33882 36.89000 5
237 34527 38.18000 5
237 36342 37.80000 5
237 41301 37.90000 5
238 30423 57.55000 0
238 30699 56.60000 0
238 35199 55.97000 0
238 38205 57.05000 0
238 39462 57.30000 0
238 33882 38.40000 5
238 36351 38.59000 5
238 39678 38.95000 5
238 40845 39.10000 5
238 40953 37.77000 5
239 30699 56.42000 0
239 41190 55.85000 0
239 41871 55.32000 0
239 24228 36.62000 5
239 33879 36.59000 5
239 33882 38.62000 5
239 34347 36.66000 5
239 36351 37.97000 5
239 39678 37.53000 5
240 30699 55.15000 0
240 34824 56.69000 0
240 36657 55.52000 0
240 33882 38.06000 5
240 36351 38.24000 5
240 40953 37.75000 5
241 26319 55.28000 0
241 27402 56.47000 0
241 36657 54.34000 0
241 24228 37.62000 5
241 33879 38.00000 5
241 36351 38.12000 5
242 34422 55.08000 0
242 36657 54.64000 0
242 33462 37.66000 5
242 39678 37.56000 5
243 23703 55.53001 0
243 34824 53.81000 0
243 27045 38.15000 5
243 29295 35.92000 5
243 33879 36.40000 5
244 22479 55.98000 0
244 34824 55.58000 0
244 35799 53.78000 0
244 37350 54.96000 0
244 27045 36.71000 5
244 31272 36.90000 5
245 27774 55.10000 0
245 34422 55.47001 0
245 34824 54.91000 0
245 41673 54.57000 0
245 27045 37.85000 5
245 39696 36.42000 5
246 20322 54.41000 0
246 27774 55.56000 0
246 34677 37.81000 5
246 39324 37.73000 5
247 20322 54.70000 0
247 21597 56.12000 0
247 34824 54.76000 0
247 33882 37.39000 5
247 39324 37.95000 5
247 40761 36.49000 5
248 20322 55.65000 0
248 21597 56.42000 0
248 27774 55.26001 0
248 34422 56.23000 0
248 22521 37.79000 5
248 36828 37.89000 5
248 39324 37.86000 5
248 39696 36.48000 5
249 20307 54.05000 0
249 27774 55.70000 0
249 27207 37.67000 5
249 33882 36.57000 5
249 34677 36.97000 5
249 39324 37.89000 5
249 39678 36.61000 5
250 20307 55.04000 0
250 21597 55.68000 0
250 27201 56.36000 0
250 34422 55.55000 0
250 22857 38.04000 5
250 33882 37.75000 5
250 39324 37.90000 5
