0 42076 56.07000 0
0 42121 52.27000 1
0 42144 47.52000 3
0 42111 43.06000 4
0 42139 38.84000 5
1 42076 54.91000 0
1 42121 50.90000 1
1 42144 46.30000 3
1 42111 42.44000 4
2 42076 55.53001 0
2 42121 51.83000 1
2 42144 48.53000 2
2 42111 43.60000 4
3 42076 56.49000 0
3 42121 52.64000 1
3 42144 48.73000 2
3 42111 43.53000 4
4 42076 55.69000 0
4 42121 51.91000 1
4 42144 47.88000 3
4 42111 43.56001 4
5 42076 56.70000 0
5 42121 52.54000 1
5 42144 48.96000 2
5 42111 43.71000 4
6 42076 55.33001 0
6 42121 51.55000 1
6 42144 47.70000 2
6 42111 42.66000 4
6 42139 38.33000 5
7 42076 54.38000 0
7 42121 50.99001 1
7 42144 47.54000 2
7 42111 42.36000 4
7 42139 38.11000 5
8 42076 55.44000 0
8 42121 51.64000 1
8 42144 47.11000 3
8 42111 42.84000 4
8 42139 38.75000 5
9 42076 55.74001 0
9 42121 52.33000 1
9 42144 48.78000 2
9 42111 43.56001 4
9 42139 39.16000 5
10 42076 52.84000 1
10 42121 49.39000 2
10 42144 45.98000 3
10 42111 42.52000 4
10 42139 38.78000 5
11 42076 52.11000 1
11 42121 48.88000 2
11 42144 45.56000 3
11 42111 41.98000 4
12 42076 53.11000 1
12 42121 49.71000 2
12 42144 46.51000 3
12 42111 42.88000 4
13 42076 53.21000 1
13 42121 49.34000 2
13 42144 45.98000 3
13 42111 42.38000 4
14 42076 54.89000 0
14 42121 51.21000 1
14 42144 47.02000 3
14 42111 42.81000 4
14 42139 38.83000 5
15 42076 55.74001 0
15 42121 52.07000 1
15 42144 48.47000 2
15 42111 43.03000 4
15 42139 39.48000 5
16 42076 51.07000 1
16 42121 48.18000 2
16 42144 45.04000 3
16 42111 41.04000 4
17 42076 51.18000 1
17 42121 47.49000 2
17 42144 44.46000 3
17 42111 40.95000 4
18 42076 52.52000 1
18 42121 49.06000 2
18 42144 45.89000 3
18 42111 42.50000 4
19 42076 51.98000 1
19 42121 48.58000 2
19 42144 45.37000 3
19 42111 41.85001 4
20 42076 53.76000 0
20 42121 48.88000 2
20 42144 45.52000 3
20 42111 41.84000 4
20 42139 38.29000 5
21 42076 54.95000 0
21 42121 50.38000 2
21 42144 46.27000 3
21 42111 42.30000 4
21 42139 38.98000 5
22 42076 52.40000 1
22 42121 49.13000 2
22 42144 45.68000 3
22 42111 40.64000 5
23 42076 53.35000 1
23 42121 49.72000 2
23 42144 46.53000 3
23 42111 42.41000 4
24 42076 53.19000 1
24 42121 50.24000 2
24 42144 46.72001 3
24 42111 43.33000 4
25 42076 53.59000 1
25 42121 50.23000 2
25 42144 47.33000 3
25 42111 43.71000 4
26 42076 52.79000 1
26 42121 49.32000 2
26 42144 46.14000 3
26 42111 42.60000 4
27 42076 53.07000 1
27 42121 49.63000 2
27 42144 46.48000 3
27 42111 42.79000 4
28 42076 55.33001 0
28 42121 50.61000 2
28 42144 47.23000 3
28 42111 43.15000 4
29 42076 56.66000 0
29 42121 53.04000 1
29 42144 48.24001 3
29 42111 43.67000 4
30 42076 53.54000 1
30 42121 49.98000 2
30 42144 46.98000 3
30 42111 43.31001 4
31 42076 53.08000 1
31 42121 49.40000 2
31 42144 46.43000 3
31 42111 42.97001 4
32 42076 53.68000 1
32 42121 49.99000 2
32 42144 46.73000 3
32 42111 43.41000 4
33 42076 53.70000 1
33 42121 50.42000 2
33 42144 47.28000 3
33 42111 43.76000 4
33 42139 39.61000 5
34 42076 53.65000 1
34 42121 50.40001 2
34 42144 47.06001 3
34 42111 43.29000 4
34 42139 39.24000 5
35 42076 54.34000 1
35 42121 50.50000 2
35 42144 47.23000 3
35 42111 43.56001 4
35 42139 40.14000 5
36 42076 53.24001 1
36 42121 49.78000 2
36 42144 46.67000 3
36 42111 43.08000 4
37 42076 54.07000 1
37 42121 50.44000 2
37 42144 47.19000 3
37 42111 43.38000 4
38 42076 53.20000 1
38 42121 50.10000 2
38 42144 46.91000 3
38 42111 43.56001 4
39 42076 53.53000 1
39 42121 50.02000 2
39 42144 47.10000 3
39 42111 43.66000 4
40 42076 56.99001 0
40 42121 52.90001 1
40 42144 48.67000 3
40 42111 44.45000 4
41 42076 55.49000 0
41 42121 51.26000 2
41 42144 47.67000 3
41 42111 43.87000 4
41 42139 39.56000 5
42 42076 53.16000 1
42 42121 49.75000 2
42 42144 46.76000 3
42 42111 42.86000 4
42 42036 39.28000 5
43 42076 53.22000 1
43 42121 49.64000 2
43 42144 46.48000 3
43 42111 42.61000 4
43 42036 38.20000 5
44 42076 53.60000 1
44 42121 50.53001 2
44 42144 47.23000 3
44 42111 43.93000 4
45 42076 53.47000 1
45 42121 49.43000 2
45 42144 45.80000 3
45 42111 42.23000 4
46 42076 55.22000 0
46 42121 51.26000 1
46 42144 46.42000 3
46 42111 42.53000 4
47 42076 55.57000 0
47 42121 51.52000 1
47 42144 46.84000 3
47 42111 42.86000 4
48 42076 55.55000 0
48 42121 51.96000 1
48 42144 48.04000 2
48 42111 42.96000 4
49 42076 51.56000 1
49 42121 47.84000 2
49 42144 44.74000 3
49 42111 41.06001 4
50 42076 55.17000 0
50 42121 51.33000 1
50 42144 47.53000 2
50 42111 42.94000 4
50 42036 38.73000 5
51 42076 55.03000 0
51 42121 51.57000 1
51 42144 47.84000 2
51 42111 42.66000 4
51 42036 38.34000 5
52 42076 52.30000 1
52 42121 48.81000 2
52 42144 45.96000 3
52 42111 42.56000 4
53 42076 53.58000 1
53 42121 50.20000 2
53 42144 47.12000 3
53 42111 43.58000 4
54 42076 53.19000 1
54 42121 49.59000 2
54 42144 46.47000 3
54 42111 42.99000 4
55 42076 52.66000 1
55 42121 49.47000 2
55 42144 46.61000 3
55 42111 43.02000 4
56 42076 54.34000 1
56 42121 50.08000 2
56 42144 46.74000 3
56 42111 42.97001 4
57 42076 53.54000 1
57 42121 49.94000 2
57 42144 46.97000 3
57 42111 43.45000 4
58 42076 53.55000 1
58 42121 50.21000 2
58 42144 47.25000 3
58 42111 43.58000 4
59 42076 52.82000 1
59 42121 49.45000 2
59 42144 46.41000 3
59 42111 42.67000 4
60 42076 53.13000 1
60 42121 48.98000 2
60 42144 45.63000 3
60 42111 41.40000 4
61 42076 52.75000 1
61 42121 49.27000 2
61 42144 46.02000 3
61 42111 42.11000 4
62 42076 52.62000 1
62 42121 48.79000 2
62 42144 45.87000 3
62 42111 42.13000 4
63 42076 52.25000 1
63 42121 48.63000 2
63 42144 45.42000 3
63 42111 41.75000 4
64 42076 54.67001 0
64 42121 50.21000 2
64 42144 46.08000 3
64 42111 42.56000 4
65 42076 52.66000 1
65 42121 49.33000 2
65 42144 46.21000 3
65 42111 42.59000 4
66 42076 51.91000 1
66 42121 48.51000 2
66 42144 45.45000 3
66 42111 41.99001 4
67 42076 51.06001 1
67 42121 47.66000 2
67 42144 44.62000 3
67 42111 40.76000 4
68 42076 51.66000 1
68 42121 48.18000 2
68 42144 45.24000 3
68 42111 41.62000 4
69 42076 52.43000 1
69 42121 48.65000 2
69 42144 45.33000 3
69 42111 41.83000 4
70 42076 54.73000 0
70 42121 51.13000 1
70 42144 46.30000 3
70 42111 42.38000 4
71 42076 55.39000 0
71 42121 52.07000 1
71 42144 47.30000 3
71 42111 43.09000 4
71 42036 39.52000 5
72 42076 54.28001 0
72 42121 49.08001 2
72 42144 45.69000 3
72 42111 42.08000 4
72 42036 37.65000 5
73 42076 55.28000 0
73 42121 52.09000 1
73 42144 48.30000 2
73 42111 42.73000 4
73 42036 38.58000 5
74 42076 56.47000 0
74 42121 52.54000 1
74 42144 49.12000 2
74 42111 44.02000 4
75 42076 55.01000 0
75 42121 50.17000 2
75 42144 46.48000 3
75 42111 43.09000 4
76 42076 55.30000 0
76 42121 50.31000 2
76 42144 46.90000 3
76 42111 43.20000 4
77 42076 53.19000 1
77 42121 49.73000 2
77 42144 46.48000 3
77 42111 43.12000 4
78 42076 53.69000 1
78 42121 50.24000 2
78 42144 46.97000 3
78 42111 43.63000 4
79 42076 52.38000 1
79 42121 48.90000 2
79 42144 45.82000 3
79 42111 42.41000 4
80 42076 51.56000 1
80 42121 48.32000 2
80 42144 45.34000 3
80 42111 41.91000 4
81 42076 52.36000 1
81 42121 49.05000 2
81 42144 46.03000 3
81 42111 42.56000 4
82 42076 55.70000 0
82 42121 52.31001 1
82 42144 47.67000 3
82 42111 43.54000 4
83 42121 49.88000 1
83 42144 45.97000 3
83 42111 42.00000 4
84 42121 51.04000 1
84 42144 46.84000 3
84 42111 42.50000 4
85 42121 51.23000 1
85 42144 47.08000 2
85 42111 42.56000 4
86 42121 51.43000 1
86 42144 47.46000 2
86 42111 43.03000 4
87 42121 50.06000 1
87 42144 45.93000 3
87 42111 41.77000 4
88 42121 51.28000 1
88 42144 47.18000 2
88 42111 42.12000 4
89 42121 50.91000 1
89 42144 46.52000 3
89 42111 41.75000 4
90 42121 52.33000 1
90 42144 48.67000 2
90 42111 43.28000 4
90 42120 39.18000 5
91 42121 51.84000 1
91 42144 48.17001 2
91 42111 42.76000 4
91 42120 38.95000 5
92 42121 52.86000 1
92 42144 49.36000 2
92 42111 43.98000 4
92 42120 39.95000 5
93 42121 53.03001 1
93 42144 49.09000 2
93 42111 44.47000 4
93 42120 40.06000 5
94 42121 52.58000 1
94 42144 48.61000 2
94 42111 43.57000 4
94 42120 39.26000 5
95 42121 53.02000 1
95 42144 48.66000 2
95 42111 43.81000 4
95 42120 39.90000 5
96 42121 51.69000 1
96 42144 48.12000 2
96 42111 42.94000 4
96 42120 37.77000 5
97 42121 51.37000 1
97 42144 47.90001 2
97 42111 42.86000 4
97 42120 38.98000 5
98 42121 52.08000 1
98 42144 48.78000 2
98 42111 42.96000 4
99 42121 52.33000 1
99 42144 48.73000 2
99 42111 43.21000 4
100 42121 51.04000 1
100 42144 47.85000 2
100 42111 42.44000 4
101 42121 52.16000 1
101 42144 48.36000 2
101 42111 43.61000 4
101 42120 38.40000 5
102 42121 52.14000 1
102 42144 48.82000 2
102 42111 45.77000 3
102 42120 42.10000 4
103 42121 55.04000 0
103 42144 49.85000 2
103 42111 46.32000 3
103 42120 42.84000 4
104 42121 52.81000 1
104 42144 49.30000 2
104 42111 46.09000 3
104 42120 42.32000 4
105 42121 52.17001 1
105 42144 48.95000 2
105 42111 45.85000 3
105 42120 42.31001 4
106 42121 52.12000 1
106 42144 48.89000 2
106 42111 45.76000 3
106 42120 42.26000 4
107 42121 53.05000 1
107 42144 49.54000 2
107 42111 46.27000 3
107 42120 42.89000 4
108 42121 54.25000 0
108 42144 49.40000 2
108 42111 46.13000 3
108 42120 42.16000 4
109 42121 55.76000 0
109 42144 50.84000 2
109 42111 47.12000 3
109 42120 43.48000 4
110 42121 51.50000 1
110 42144 48.11000 2
110 42111 45.01000 3
110 42120 41.53000 4
111 42121 52.42000 1
111 42144 49.10000 2
111 42111 45.99001 3
111 42120 42.59000 4
112 42121 53.15000 1
112 42144 49.84000 2
112 42111 46.85001 3
112 42120 43.34000 4
113 42121 51.41000 1
113 42144 48.25000 2
113 42111 45.29000 3
113 42120 41.96000 4
114 42121 53.08000 1
114 42144 49.60000 2
114 42111 46.51000 3
114 42120 42.79000 4
115 42121 52.19000 1
115 42144 48.76000 2
115 42111 45.62000 3
115 42120 42.06001 4
116 42121 55.34000 0
116 42144 50.07000 2
116 42111 46.59000 3
116 42120 42.89000 4
117 42121 55.94000 0
117 42144 52.39000 1
117 42111 48.07000 3
117 42120 43.41000 4
118 42121 55.20000 0
118 42144 51.62000 1
118 42111 46.74000 3
118 42120 43.38000 4
119 42121 55.11000 0
119 42144 49.83000 2
119 42111 46.30000 3
119 42120 42.08000 4
120 42121 52.74000 1
120 42144 49.70000 2
120 42111 46.60000 3
120 42120 43.10001 4
121 42121 52.49000 1
121 42144 49.22001 2
121 42111 45.96000 3
121 42120 42.30000 4
122 42121 52.23000 1
122 42144 49.03000 2
122 42111 45.92000 3
122 42120 42.16000 4
123 42121 53.10001 1
123 42144 49.77000 2
123 42111 46.76000 3
123 42120 43.35000 4
123 42052 39.51000 5
124 42121 53.10001 1
124 42144 49.78000 2
124 42111 46.84000 3
124 42120 43.32000 4
124 42052 39.80000 5
125 42121 52.90001 1
125 42144 49.59000 2
125 42111 46.41000 3
125 42120 42.65000 4
126 42121 52.30000 1
126 42144 49.00000 2
126 42111 45.79000 3
126 42120 42.16000 4
127 42121 52.56000 1
127 42144 48.87000 2
127 42111 45.78000 3
127 42120 41.90000 4
128 42121 52.62000 1
128 42144 49.18000 2
128 42111 45.98000 3
128 42120 42.00000 4
129 42121 55.81001 0
129 42144 52.06001 1
129 42111 48.14000 3
129 42120 43.55000 4
130 42121 55.86000 0
130 42144 52.07000 1
130 42111 47.05000 3
130 42120 43.50000 4
131 42121 57.11000 0
131 42144 52.53000 1
131 42111 48.62000 2
131 42120 44.13000 4
132 42144 53.52000 1
132 42111 48.87000 3
132 42120 44.26000 4
133 42144 52.55000 1
133 42111 48.78000 3
133 42120 43.96000 4
134 42144 52.56000 1
134 42111 47.57000 3
134 42120 43.69000 4
135 42144 53.74000 1
135 42111 49.87000 2
135 42120 44.62000 4
135 42052 39.94000 5
136 42144 52.96001 1
136 42111 48.38000 3
136 42120 43.97000 4
137 42144 52.48000 1
137 42111 48.97000 2
137 42120 43.39000 4
138 42144 52.36000 1
138 42111 47.30000 3
138 42120 43.63000 4
139 42144 52.19000 1
139 42111 48.62000 2
139 42120 43.63000 4
139 42052 39.31000 5
140 42043 57.77000 0
140 42144 53.01000 1
140 42111 49.58000 2
140 42120 44.03000 4
140 42052 40.70000 5
141 42144 52.72000 1
141 42111 48.87000 2
141 42120 43.90000 4
141 42052 39.57000 5
142 42144 52.67000 1
142 42111 48.50000 2
142 42120 43.61000 4
142 42052 39.53000 5
143 42144 51.97000 1
143 42111 47.56000 3
143 42120 43.75000 4
144 42144 52.27000 1
144 42111 48.73000 2
144 42120 43.50000 4
145 42144 52.73000 1
145 42111 48.95000 2
145 42120 43.91000 4
146 42144 52.48000 1
146 42111 48.60000 2
146 42120 44.25000 4
146 42052 38.92000 5
147 42144 51.67000 1
147 42111 47.80000 2
147 42120 42.59000 4
148 42144 51.76000 1
148 42111 48.33000 2
148 42120 42.76000 4
149 42144 51.43000 1
149 42111 47.84000 2
149 42120 42.75000 4
150 42144 51.83000 1
150 42111 47.71000 2
150 42120 43.32000 4
151 42144 50.92000 1
151 42111 46.02000 3
151 42120 42.22000 4
151 42052 38.51000 5
152 42144 51.22000 1
152 42111 47.59000 2
152 42120 42.10000 4
152 42052 38.09000 5
153 42144 51.62000 1
153 42111 48.03001 2
153 42120 42.92000 4
153 42052 39.12000 5
154 42144 51.94000 1
154 42111 48.07000 2
154 42120 43.13000 4
154 42052 39.27000 5
155 42177 55.68000 0
155 42144 51.55000 1
155 42111 48.21000 2
155 42120 42.74000 4
155 42052 37.82000 5
156 42177 55.53001 0
156 42144 51.70000 1
156 42111 47.39000 3
156 42120 42.69000 4
156 42052 38.94000 5
157 42177 54.60000 0
157 42144 51.00000 1
157 42111 46.77000 3
157 42120 42.31001 4
157 42052 37.61000 5
157 42143 38.25000 5
158 42177 55.70000 0
158 42144 51.95000 1
158 42111 48.00000 2
158 42120 43.94000 4
158 42143 39.95000 5
159 42144 52.61000 1
159 42111 49.06000 2
159 42120 45.91000 3
159 42143 42.26000 4
159 42052 38.65000 5
160 42144 53.27000 1
160 42111 49.48000 2
160 42120 46.25000 3
160 42143 42.66000 4
160 42052 38.79000 5
161 42144 53.34000 1
161 42111 49.55000 2
161 42120 46.43000 3
161 42143 42.98000 4
161 42052 38.67000 5
162 42144 54.81001 0
162 42111 49.47000 2
162 42120 46.23000 3
162 42143 42.71000 4
162 42052 38.74000 5
163 42144 55.26001 0
163 42111 51.42000 1
163 42120 46.99001 3
163 42143 43.02000 4
164 42144 54.65000 0
164 42111 50.85000 1
164 42120 46.39000 3
164 42143 42.10000 4
165 42144 54.51000 0
165 42111 51.30000 1
165 42120 46.83000 3
165 42143 42.38000 4
166 42144 55.29000 0
166 42111 51.53000 1
166 42120 46.81000 3
166 42143 42.57000 4
167 42144 55.08000 0
167 42111 51.56000 1
167 42120 48.15000 2
167 42143 43.37000 4
167 42052 39.08000 5
168 42144 55.08000 0
168 42111 51.56000 1
168 42120 47.23000 2
168 42143 42.58000 4
168 42052 38.49000 5
169 42144 55.00000 0
169 42111 50.80000 1
169 42120 46.49000 3
169 42143 42.74000 4
169 42052 38.63000 5
170 42144 53.63000 0
170 42111 48.90000 2
170 42120 45.76000 3
170 42143 42.22000 4
170 42052 38.79000 5
171 42144 51.78001 1
171 42111 48.64000 2
171 42120 45.33000 3
171 42143 41.27000 4
172 42144 52.43000 1
172 42111 48.94000 2
172 42120 45.74001 3
172 42143 42.24000 4
173 42144 52.39000 1
173 42111 49.22001 2
173 42120 46.23000 3
173 42143 42.65000 4
174 42144 51.86000 1
174 42111 48.41000 2
174 42120 45.41000 3
174 42143 41.96000 4
175 42144 51.91000 1
175 42111 48.56001 2
175 42120 45.67001 3
175 42143 42.43000 4
176 42144 52.93000 1
176 42111 49.31000 2
176 42120 46.20000 3
176 42143 42.79000 4
177 42144 54.41000 0
177 42111 50.74001 1
177 42120 46.48000 3
177 42143 42.69000 4
178 42144 55.49000 0
178 42111 51.71001 1
178 42120 46.90000 3
178 42143 43.23000 4
179 42144 55.25000 0
179 42111 51.59000 1
179 42120 47.54000 3
179 42143 43.24001 4
180 42144 54.25000 0
180 42111 48.74000 2
180 42120 45.45000 3
180 42143 41.84000 4
181 42144 53.22000 1
181 42111 49.55000 2
181 42120 46.28000 3
181 42143 42.95000 4
182 42144 54.96000 0
182 42111 50.20000 2
182 42120 46.76000 3
182 42143 43.15000 4
183 42144 52.81000 1
183 42111 49.10000 2
183 42120 46.07000 3
183 42143 42.61000 4
184 42144 53.17001 1
184 42111 49.66000 2
184 42120 46.60000 3
184 42143 43.09000 4
185 42144 52.93000 1
185 42111 49.14000 2
185 42120 45.86000 3
185 42143 42.61000 4
186 42144 52.06001 1
186 42111 48.72000 2
186 42120 45.63000 3
186 42143 42.22000 4
187 42144 52.55000 1
187 42111 49.07000 2
187 42120 45.95000 3
187 42143 42.32000 4
188 42144 54.67001 0
188 42111 51.08000 1
188 42120 47.09000 3
188 42143 42.84000 4
189 42111 52.24001 1
189 42120 48.58000 2
189 42143 43.68000 4
189 42095 40.03000 5
190 42111 51.73000 1
190 42120 48.21000 2
190 42143 42.29000 4
190 42095 39.13000 5
191 42111 52.37000 1
191 42120 48.58000 2
191 42143 43.38000 4
192 42111 53.04000 1
192 42120 49.32000 2
192 42143 43.79000 4
193 42111 53.40000 1
193 42120 49.49001 2
193 42143 44.21000 4
194 42111 52.33000 1
194 42120 48.52000 2
194 42143 43.52000 4
194 42095 39.71000 5
195 42111 52.12000 1
195 42120 48.48000 2
195 42143 43.31001 4
195 42095 39.75000 5
196 42111 51.96000 1
196 42120 48.39000 2
196 42143 42.72000 4
197 42111 51.97000 1
197 42120 48.10001 2
197 42143 43.28000 4
198 42111 51.28000 1
198 42120 47.82000 2
198 42143 42.67000 4
199 42111 52.78000 1
199 42120 49.01000 2
199 42143 43.80000 4
200 42111 52.52000 1
200 42120 48.71000 2
200 42143 43.59000 4
201 42111 51.31000 1
201 42120 47.16000 3
201 42143 42.49000 4
202 42111 52.28000 1
202 42120 48.38000 2
202 42143 43.26000 4
203 42111 52.11000 1
203 42120 48.78000 2
203 42143 45.25000 3
204 42111 52.25000 1
204 42120 48.95000 2
204 42143 45.64000 3
204 42070 39.36000 5
205 42111 52.57000 1
205 42120 49.65000 2
205 42143 46.35000 3
205 42070 40.53000 5
205 42148 38.32000 5
206 42111 53.10001 1
206 42120 49.60000 2
206 42143 45.94000 3
206 42070 40.02000 5
206 42148 40.46000 5
207 42111 52.50000 1
207 42120 49.04000 2
207 42143 45.94000 3
207 42070 40.32000 5
208 42111 52.31001 1
208 42120 48.67000 2
208 42143 45.53001 3
208 42070 38.84000 5
209 42111 53.02000 1
209 42120 49.34000 2
209 42143 46.13000 3
209 42070 39.89000 5
210 42111 52.44000 1
210 42120 49.09000 2
210 42143 45.71000 3
210 42070 39.11000 5
211 42111 52.68000 1
211 42120 49.21000 2
211 42143 46.09000 3
211 42070 39.93000 5
212 42111 53.25000 1
212 42120 49.58000 2
212 42143 46.40000 3
212 42070 40.07000 5
213 42111 52.23000 1
213 42120 48.91000 2
213 42143 45.78000 3
213 42148 38.91000 5
214 42111 52.89000 1
214 42120 49.73000 2
214 42143 46.47000 3
214 42148 40.27000 5
215 42111 53.30000 1
215 42120 49.64000 2
215 42143 45.97000 3
215 42070 39.88000 5
216 42111 52.47000 1
216 42120 49.20000 2
216 42143 45.74001 3
216 42070 38.95000 5
217 42111 52.23000 1
217 42120 49.21000 2
217 42143 45.84000 3
217 42070 39.30000 5
218 42111 53.63000 1
218 42120 50.21000 2
218 42143 47.07000 3
218 42070 41.06001 5
219 42111 52.07000 1
219 42120 48.73000 2
219 42143 45.19000 3
219 42070 38.24000 5
220 42111 52.14000 1
220 42120 48.78000 2
220 42143 45.71000 3
220 42070 41.70000 4
221 42111 53.01000 1
221 42120 49.60000 2
221 42143 46.42000 3
221 42070 41.69000 5
222 42111 55.06000 0
222 42120 50.87000 1
222 42143 47.37000 3
222 42070 42.93000 4
223 42111 52.85000 1
223 42120 49.61000 2
223 42143 46.42000 3
223 42070 42.56000 4
224 42111 53.00000 1
224 42120 49.44000 2
224 42143 46.53000 3
224 42070 43.03000 4
225 42111 53.24001 1
225 42120 49.92000 2
225 42143 46.39000 3
225 42070 41.99001 4
226 42111 53.16000 1
226 42120 49.45000 2
226 42143 45.85000 3
226 42070 42.30000 4
227 42111 52.47000 1
227 42120 49.09000 2
227 42143 45.81001 3
227 42070 42.10000 4
228 42102 58.52000 0
228 42111 53.84000 1
228 42120 50.73000 2
228 42143 47.46000 3
228 42070 43.99000 4
229 42111 53.43000 1
229 42120 49.65000 2
229 42143 46.48000 3
229 42070 41.57000 5
230 42111 52.87000 1
230 42120 49.55000 2
230 42143 46.28000 3
230 42070 42.92000 4
231 42111 53.44000 1
231 42120 49.98000 2
231 42143 46.88000 3
231 42070 42.74000 4
232 42111 54.11000 1
232 42120 49.77000 2
232 42143 46.54000 3
232 42070 42.82000 4
232 42095 39.24000 5
233 42111 53.41000 1
233 42120 49.79000 2
233 42143 46.93000 3
233 42070 43.40000 4
234 42111 53.33000 1
234 42120 49.96000 2
234 42143 47.05000 3
234 42070 43.35000 4
234 42095 38.32000 5
235 42111 55.84000 0
235 42120 52.35000 1
235 42143 47.75000 3
235 42070 43.73000 4
236 42111 53.43000 1
236 42120 50.48000 2
236 42143 47.42000 3
236 42070 43.67000 4
236 42095 40.04000 5
237 42111 55.54000 0
237 42120 52.20000 1
237 42143 48.20000 2
237 42070 42.96000 4
237 42095 39.21000 5
238 42111 57.28000 0
238 42120 52.65000 1
238 42143 49.00000 2
238 42070 43.99000 4
238 42095 38.58000 5
239 42111 56.35000 0
239 42120 52.27000 1
239 42143 48.81000 2
239 42070 43.32000 4
239 42103 39.89000 5
240 42111 55.06000 0
240 42120 51.38000 1
240 42143 47.73000 3
240 42070 43.06000 4
240 42103 39.56000 5
241 42111 56.81000 0
241 42120 52.77000 1
241 42143 49.28001 2
241 42070 44.27000 4
241 42103 40.82000 5
242 42120 53.93000 1
242 42143 50.09000 2
242 42070 45.16000 4
242 42103 40.94000 5
243 42120 53.90000 1
243 42143 49.91000 2
243 42070 45.27000 4
243 42103 41.14000 5
244 42120 53.01000 1
244 42143 49.20000 2
244 42070 44.84000 4
244 42103 40.93000 5
245 42120 56.04000 0
245 42143 50.60001 2
245 42070 47.23000 3
245 42103 43.47000 4
246 42120 55.54000 0
246 42143 51.85001 1
246 42070 47.61000 3
246 42103 42.84000 4
247 42120 54.21001 0
247 42143 50.20000 2
247 42070 46.33000 3
247 42103 42.82000 4
248 42120 52.72000 1
248 42143 49.27000 2
248 42070 46.17000 3
248 42103 42.65000 4
249 42120 52.68000 1
249 42143 49.30000 2
249 42070 46.21000 3
249 42103 42.80000 4
250 42120 52.77000 1
250 42143 49.32000 2
250 42070 46.06001 3
250 42103 42.73000 4
